6
59
1
2
3
4
5
6
7
8
9
10
11
12
13
14
15
16
17
18
19
20
21
22
23
24
25
26
27
28
29
30
31
32
33
34
35
36
37
38
39
40
41
42
43
44
45
46
47
48
49
50
51
52
53
54
55
56
57
58
59
1871
1 2 18
1 3 17
1 4 20
1 5 13
1 6 19
1 7 9
1 8 20
1 9 23
1 10 21
1 11 5
1 13 20
1 14 22
1 15 16
1 16 9
1 17 22
1 18 22
1 19 13
1 20 10
1 21 4
1 22 1
1 23 5
1 24 3
1 25 9
1 26 4
1 27 1
1 28 16
1 29 5
1 30 8
1 31 20
1 32 14
1 33 26
1 34 24
1 35 1
1 36 7
1 37 6
1 38 11
1 39 4
1 40 16
1 41 16
1 42 4
1 43 10
1 45 20
1 46 8
1 47 22
1 48 5
1 49 21
1 50 22
1 51 25
1 52 11
1 54 1
1 55 10
1 56 20
1 57 18
1 58 26
1 59 15
2 1 15
2 3 8
2 4 18
2 5 4
2 6 7
2 7 15
2 8 21
2 9 4
2 10 11
2 11 5
2 12 24
2 14 11
2 15 1
2 16 10
2 17 11
2 18 10
2 19 7
2 20 23
2 21 4
2 22 2
2 23 18
2 24 3
2 25 2
2 26 7
2 27 4
2 28 12
2 29 1
2 30 23
2 31 1
2 32 5
2 33 9
2 34 23
2 35 4
2 36 6
2 37 1
2 38 15
2 39 10
3 1 1
3 2 9
3 4 23
3 5 1
3 6 20
3 7 24
3 8 1
3 9 21
3 10 23
3 11 8
3 12 17
3 13 1
3 14 26
3 15 8
3 16 4
3 17 2
3 18 15
3 19 24
3 20 3
3 21 5
3 22 9
3 23 4
3 24 10
3 25 10
3 26 3
3 27 23
3 28 3
3 29 9
3 30 13
3 31 18
3 32 8
3 33 1
3 34 4
3 35 15
3 36 10
3 37 17
3 38 5
3 39 4
4 1 13
4 2 14
4 3 21
4 5 3
4 6 2
4 7 2
4 8 23
4 9 4
4 10 7
4 11 21
4 12 24
4 13 12
4 14 19
4 15 1
4 16 12
4 17 2
4 18 20
4 19 24
4 20 6
4 21 18
4 22 10
4 23 13
4 24 26
4 25 13
4 26 3
4 27 19
4 28 17
4 29 14
4 30 25
4 31 23
4 32 18
4 33 26
4 34 2
4 35 4
4 36 1
4 37 20
4 38 1
4 39 22
5 2 11
5 3 19
5 4 2
5 6 3
5 7 9
5 8 3
5 9 22
5 10 3
5 12 1
5 13 21
5 14 26
5 15 3
5 16 10
5 17 12
5 18 7
5 19 18
5 20 18
5 21 21
5 22 17
5 23 14
5 24 1
5 25 18
5 26 13
5 27 19
5 28 11
5 29 4
5 30 13
5 31 1
5 32 26
5 33 12
5 34 7
5 35 20
5 36 5
5 37 16
5 38 23
6 1 19
6 2 12
6 3 17
6 4 3
6 5 11
6 7 20
6 8 2
6 9 12
6 11 20
6 12 4
6 13 10
6 14 10
6 15 18
6 16 1
6 17 17
6 18 21
6 19 9
6 20 18
6 21 14
6 22 11
6 23 19
6 24 13
6 25 14
6 26 21
6 27 20
6 28 23
6 29 15
6 30 25
6 31 20
6 32 15
6 33 5
6 34 5
6 35 10
6 36 6
6 37 25
6 38 12
6 39 18
7 1 15
7 2 21
7 3 22
7 4 14
7 5 21
7 6 3
7 8 15
7 10 13
7 11 14
7 12 18
7 14 25
7 16 2
7 17 12
7 18 10
7 19 11
7 20 25
7 21 25
7 22 9
7 23 18
7 24 13
7 25 5
7 26 12
7 27 7
7 28 4
7 29 18
7 30 21
7 31 16
7 32 26
7 34 10
7 35 13
7 36 21
7 37 13
7 38 17
7 39 21
8 1 15
8 2 4
8 3 13
8 4 4
8 5 3
8 6 2
8 7 22
8 9 4
8 10 12
8 11 6
8 12 2
8 13 10
8 14 5
8 15 9
8 16 12
8 17 26
8 18 22
8 19 19
8 20 4
8 21 2
8 22 2
8 23 20
8 24 17
8 25 1
8 26 9
8 27 1
8 28 14
8 29 3
8 30 14
8 31 20
8 32 25
8 33 25
8 35 23
8 36 17
8 37 2
8 38 19
8 39 21
9 1 14
9 2 14
9 3 13
9 4 24
9 5 8
9 6 22
9 7 25
9 8 8
9 10 6
9 11 17
9 12 12
9 13 25
9 14 8
9 15 21
9 16 15
9 17 9
9 18 4
9 19 16
9 20 12
9 21 7
9 22 20
9 23 6
9 24 21
9 25 1
9 26 20
9 27 21
9 28 24
9 29 26
9 30 23
9 31 5
9 32 9
9 33 9
9 34 22
9 35 23
9 36 17
9 37 7
9 38 21
9 39 25
10 1 2
10 3 26
10 4 16
10 5 9
10 6 21
10 7 5
10 8 7
10 9 14
10 11 10
10 12 20
10 13 21
10 14 19
10 15 15
10 16 16
10 17 20
10 18 24
10 19 26
10 20 18
10 21 23
10 22 23
10 23 12
10 24 5
10 25 22
10 26 21
10 27 17
10 28 19
10 29 12
10 30 24
10 31 13
10 32 26
10 33 3
10 34 15
10 35 5
10 36 12
10 37 9
10 38 26
10 39 19
11 1 23
11 2 9
11 3 1
11 4 6
11 5 2
11 6 16
11 7 11
11 8 22
11 9 13
11 10 11
11 12 2
11 13 25
11 14 23
11 15 15
11 16 4
11 17 18
11 18 25
11 19 10
11 20 10
11 21 26
11 22 23
11 23 13
11 24 15
11 25 11
11 26 5
11 27 3
11 28 16
11 29 6
11 30 12
11 31 15
11 32 25
11 33 14
11 34 16
11 35 19
11 36 5
11 37 5
11 38 20
12 1 8
12 2 20
12 3 19
12 4 6
12 5 16
12 6 23
12 7 26
12 8 23
12 9 21
12 10 25
12 11 23
12 13 10
12 14 21
12 15 25
12 16 25
12 17 6
12 18 3
12 19 1
12 20 11
12 21 9
12 22 2
12 23 16
12 24 23
12 25 15
12 26 3
12 27 12
12 28 23
12 29 8
12 30 7
12 31 16
12 32 24
12 33 25
12 34 16
12 35 10
12 36 14
12 37 1
12 38 26
13 1 12
13 2 24
13 3 23
13 4 22
13 5 8
13 6 21
13 7 20
13 8 14
13 9 24
13 10 10
13 11 25
13 12 22
13 14 1
13 15 3
13 16 18
13 17 16
13 18 6
13 19 20
13 20 12
13 21 3
13 23 18
13 24 17
13 25 4
13 26 16
13 27 22
13 28 3
13 29 20
13 30 24
13 31 18
13 32 20
13 33 5
13 34 5
13 35 4
13 36 13
13 37 26
13 38 13
14 1 12
14 2 23
14 3 14
14 4 7
14 5 24
14 6 18
14 7 14
14 8 2
14 9 13
14 10 7
14 11 3
14 12 6
14 13 23
14 15 21
14 16 23
14 19 18
14 20 4
14 21 9
14 22 15
14 23 11
14 24 18
14 25 24
14 26 16
14 27 23
14 28 17
14 29 2
14 30 11
14 31 3
14 32 18
14 33 15
14 34 22
14 35 19
14 36 1
14 37 13
14 38 22
14 39 3
15 1 15
15 2 19
15 3 7
15 4 21
15 5 15
15 6 17
15 7 6
15 8 5
15 9 6
15 10 25
15 11 9
15 12 15
15 13 13
15 14 9
15 16 6
15 18 26
15 19 18
15 20 6
15 21 1
15 22 2
15 23 26
15 24 9
15 25 14
15 26 14
15 27 4
15 28 6
15 29 16
15 30 6
15 31 18
15 32 8
15 33 10
15 34 15
15 35 5
15 36 14
15 37 22
15 38 11
15 39 19
16 1 1
16 2 9
16 3 17
16 4 17
16 5 12
16 7 12
16 8 1
16 9 26
16 10 4
16 11 7
16 12 16
16 13 22
16 14 6
16 15 25
16 17 10
16 18 10
16 19 2
16 20 5
16 21 26
16 22 8
16 23 23
16 24 7
16 25 19
16 26 22
16 27 12
16 28 24
16 29 10
16 30 7
16 31 24
16 32 2
16 33 7
16 34 20
16 35 3
16 36 8
16 37 20
16 38 16
16 39 9
17 1 19
17 2 9
17 3 5
17 4 24
17 5 4
17 6 1
17 7 23
17 8 14
17 9 11
17 10 25
17 11 20
17 12 26
17 13 23
17 14 5
17 15 22
17 16 15
17 18 1
17 19 23
17 20 1
17 21 11
17 22 19
17 23 25
17 24 13
17 25 17
17 26 5
17 27 6
17 28 20
17 29 2
17 30 15
17 31 25
17 32 11
17 33 23
17 34 6
17 35 5
17 36 17
17 37 7
17 38 17
17 39 4
18 1 7
18 2 4
18 3 13
18 4 6
18 6 8
18 7 1
18 8 4
18 9 9
18 10 14
18 11 5
18 12 20
18 13 6
18 14 4
18 15 22
18 16 23
18 17 25
18 19 2
18 20 6
18 21 1
18 22 17
18 23 4
18 24 1
18 25 14
18 26 17
18 27 7
18 28 8
18 29 7
18 30 3
18 31 25
18 33 2
18 34 3
18 35 5
18 36 19
18 37 11
18 38 23
18 39 23
19 1 20
19 2 10
19 3 2
19 4 2
19 5 16
19 6 22
19 7 24
19 8 13
19 9 20
19 10 15
19 11 19
19 12 10
19 13 22
19 14 12
19 15 1
19 16 25
19 17 18
19 18 24
19 20 6
19 21 25
19 22 1
19 23 20
19 24 26
19 26 11
19 27 2
19 28 6
19 29 3
19 30 13
19 31 2
19 32 16
19 33 12
19 34 18
19 35 24
19 36 1
19 37 2
19 38 21
19 39 3
20 1 22
20 2 26
20 3 11
20 4 22
20 5 21
20 6 13
20 7 23
20 8 19
20 9 4
20 10 20
20 11 14
20 12 3
20 13 10
20 14 7
20 15 18
20 16 11
20 17 7
20 18 9
20 19 17
20 21 11
20 22 11
20 23 8
20 25 6
20 26 9
20 27 7
20 28 19
20 29 10
20 30 9
20 31 2
20 32 3
20 33 1
20 34 3
20 35 15
20 36 22
20 37 16
20 39 3
21 1 21
21 2 10
21 3 17
21 4 13
21 5 20
21 6 13
21 7 4
21 8 20
21 9 21
21 10 2
21 11 26
21 12 21
21 13 13
21 14 7
21 15 21
21 16 19
21 17 16
21 18 17
21 20 16
21 22 26
21 23 2
21 24 8
21 25 8
21 26 4
21 27 11
21 28 13
21 29 15
21 30 1
21 31 13
21 32 8
21 33 12
21 34 25
21 35 24
21 36 22
21 37 1
21 38 17
21 39 15
22 1 22
22 2 19
22 3 15
22 4 16
22 5 5
22 6 11
22 7 26
22 8 13
22 9 17
22 10 16
22 11 2
22 12 22
22 13 4
22 14 4
22 15 3
22 16 12
22 17 24
22 18 3
22 19 14
22 20 13
22 21 4
22 23 1
22 24 21
22 25 4
22 26 2
22 27 8
22 28 17
22 29 24
22 30 9
22 31 7
22 32 13
22 33 15
22 34 17
22 35 25
22 36 9
22 37 17
22 38 24
22 39 11
23 1 23
23 2 2
23 3 13
23 4 18
23 5 22
23 6 7
23 7 10
23 8 8
23 9 4
23 10 14
23 11 22
23 12 17
23 13 7
23 14 12
23 16 12
23 17 4
23 18 25
23 19 2
23 20 1
23 21 7
23 22 26
23 24 3
23 25 17
23 26 3
23 27 9
23 28 15
23 29 2
23 31 2
23 32 13
23 33 20
23 34 16
23 35 4
23 36 16
23 37 23
23 38 14
23 39 13
24 2 1
24 3 8
24 4 7
24 5 25
24 6 10
24 7 7
24 8 10
24 9 14
24 10 5
24 11 1
24 12 4
24 13 2
24 14 16
24 15 8
24 16 8
24 17 20
24 18 17
24 19 12
24 20 22
24 21 6
24 22 14
24 23 24
24 25 19
24 26 8
24 27 13
24 28 23
24 29 13
24 30 9
24 31 26
24 32 26
24 33 17
24 34 23
24 35 17
24 36 15
24 37 6
24 38 13
24 39 25
25 1 9
25 2 8
25 3 15
25 4 14
25 5 26
25 6 5
25 7 11
25 8 7
25 9 14
25 10 1
25 11 19
25 12 25
25 13 24
25 14 23
25 15 22
25 16 16
25 17 20
25 18 9
25 19 1
25 20 6
25 21 7
25 22 16
25 23 5
25 24 17
25 26 6
25 27 1
25 28 23
25 29 21
25 30 24
25 31 10
25 32 8
25 33 7
25 34 13
25 35 9
25 36 6
25 37 7
25 38 9
25 39 2
26 1 21
26 3 10
26 4 8
26 5 24
26 6 6
26 7 3
26 8 2
26 9 15
26 10 1
26 11 3
26 12 21
26 13 9
26 14 8
26 15 15
26 16 15
26 17 15
26 18 17
26 19 1
26 20 25
26 21 3
26 22 11
26 23 23
26 24 25
26 25 18
26 27 25
26 28 8
26 29 13
26 30 5
26 31 6
26 32 15
26 33 6
26 34 25
26 35 23
26 36 3
26 37 21
26 38 26
26 39 21
27 1 9
27 2 17
27 3 24
27 4 20
27 5 15
27 6 22
27 7 8
27 8 3
27 9 10
27 10 25
27 11 20
27 12 24
27 13 1
27 14 4
27 15 9
27 17 11
27 18 7
27 19 24
27 20 13
27 21 12
27 22 3
27 23 1
27 25 26
27 26 16
27 28 23
27 29 18
27 30 10
27 31 23
27 32 13
27 33 2
27 34 26
27 35 1
27 36 17
27 37 21
27 38 10
27 39 9
28 1 4
28 2 24
28 3 3
28 4 18
28 5 15
28 6 23
28 8 4
28 9 24
28 10 8
28 11 17
28 12 10
28 13 20
28 14 9
28 15 1
28 16 21
28 17 8
28 18 6
28 19 6
28 21 5
28 22 18
28 23 13
28 24 13
28 25 20
28 26 12
28 27 4
28 29 26
28 30 7
28 31 3
28 32 9
28 34 1
28 35 7
28 36 4
28 37 13
28 38 8
28 39 8
29 1 10
29 2 5
29 3 25
29 4 10
29 5 25
29 6 8
29 8 8
29 9 5
29 10 6
29 11 15
29 12 5
29 13 11
29 14 6
29 15 7
29 16 13
29 17 16
29 18 20
29 19 17
29 20 15
29 21 16
29 22 20
29 23 13
29 24 5
29 25 10
29 26 3
29 27 2
29 28 3
29 30 17
29 31 10
29 32 12
29 33 4
29 34 26
29 35 15
29 36 2
29 37 7
29 38 15
30 1 2
30 2 10
30 3 4
30 4 7
30 5 21
30 6 26
30 7 15
30 8 24
30 9 4
30 10 24
30 11 14
30 12 20
30 13 2
30 14 24
30 15 22
30 16 23
30 17 23
30 18 26
30 19 25
30 20 26
30 21 5
30 22 24
30 24 10
30 25 1
30 27 26
30 28 20
30 29 23
30 31 3
30 32 9
30 33 3
30 34 13
30 35 22
30 36 24
30 37 1
30 38 26
30 39 10
31 1 6
31 2 12
31 3 14
31 4 15
31 5 14
31 6 11
31 7 10
31 8 26
31 9 23
31 10 25
31 11 25
31 12 11
31 13 3
31 14 11
31 15 12
31 16 14
31 17 13
31 18 12
31 19 2
31 20 6
31 21 24
31 22 21
31 23 15
31 24 23
31 25 24
31 26 17
31 27 7
31 28 11
31 29 7
31 30 6
31 32 21
31 33 18
31 34 8
31 35 1
31 36 21
31 37 8
31 38 1
31 39 20
32 1 20
32 2 26
32 3 7
32 4 5
32 5 3
32 6 19
32 7 17
32 8 6
32 9 5
32 10 18
32 11 24
32 13 15
32 14 7
32 15 4
32 17 5
32 18 10
32 19 7
32 20 5
32 21 17
32 22 2
32 23 15
32 24 20
32 25 20
32 26 24
32 27 21
32 28 3
32 29 21
32 30 11
32 31 24
32 33 11
32 34 4
32 35 20
32 36 14
32 37 12
32 38 26
32 39 9
33 1 10
33 2 21
33 3 17
33 4 11
33 5 21
33 7 17
33 8 3
33 9 20
33 10 9
33 11 6
33 12 16
33 13 23
33 14 21
33 15 9
33 16 13
33 17 9
33 18 22
33 19 24
33 20 11
33 21 10
33 22 11
33 24 16
33 25 16
33 26 22
33 27 17
33 28 15
33 29 9
33 30 1
33 31 14
33 32 19
33 34 20
33 35 19
33 36 5
33 37 10
33 38 26
33 39 24
34 1 3
34 2 8
34 3 4
34 4 19
34 5 4
34 6 14
34 7 17
34 8 18
34 9 24
34 10 1
34 11 4
34 12 24
34 13 12
34 14 15
34 15 25
34 16 17
34 17 20
34 18 9
34 19 7
34 20 24
34 21 18
34 22 8
34 23 11
34 24 26
34 25 20
34 26 21
34 27 19
34 28 14
34 29 4
34 30 18
34 31 12
34 32 7
34 33 5
34 35 15
34 36 20
34 37 8
34 38 21
35 1 5
35 2 22
35 3 20
35 4 19
35 5 23
35 6 24
35 7 6
35 8 13
35 9 18
35 10 15
35 11 20
35 12 15
35 13 7
35 14 18
35 15 16
35 16 6
35 18 10
35 19 14
35 20 14
35 21 14
35 22 5
35 23 15
35 24 10
35 25 21
35 26 9
35 27 14
35 28 14
35 29 18
35 30 8
35 31 3
35 32 12
35 33 23
35 34 20
35 36 16
35 37 20
35 38 26
35 39 2
36 1 11
36 2 15
36 3 23
36 5 11
36 6 14
36 7 5
36 8 6
36 9 14
36 10 15
36 11 21
36 12 17
36 13 2
36 14 15
36 15 22
36 16 1
36 17 9
36 18 20
36 19 15
36 20 12
36 21 11
36 22 23
36 23 4
36 24 13
36 25 15
36 27 6
36 28 4
36 29 21
36 30 6
36 31 23
36 32 21
36 33 19
36 34 21
36 35 21
36 37 22
36 38 26
37 1 25
37 2 3
37 3 10
37 4 4
37 5 21
37 6 26
37 7 15
37 8 22
37 9 24
37 10 9
37 11 10
37 12 26
37 13 20
37 14 22
37 15 3
37 16 6
37 17 11
37 18 4
37 19 2
37 20 4
37 21 25
37 22 8
37 24 8
37 25 18
37 26 8
37 27 19
37 28 1
37 29 19
37 30 18
37 31 17
37 32 6
37 33 1
37 34 11
37 35 5
37 38 26
37 39 1
38 1 24
38 2 24
38 4 12
38 5 18
38 6 23
38 7 16
38 8 13
38 9 7
38 10 20
38 11 4
38 13 7
38 14 1
38 15 1
38 16 15
38 17 19
38 18 25
38 19 7
38 20 9
38 21 18
38 22 15
38 24 13
38 25 15
38 26 1
38 27 24
38 28 20
38 29 17
38 30 13
38 31 21
38 32 3
38 33 22
38 34 16
38 35 6
38 36 7
38 37 5
38 39 9
39 1 14
39 2 14
39 3 13
39 4 3
39 5 10
39 6 15
39 7 4
39 8 25
39 9 23
39 10 19
39 11 22
39 12 6
39 13 26
39 14 26
39 15 22
39 16 12
39 17 14
39 18 23
39 19 26
39 20 7
39 21 2
39 22 1
39 23 18
39 24 5
39 26 2
39 27 21
39 28 7
39 29 9
39 30 15
39 31 16
39 32 12
39 33 2
39 34 15
39 35 12
39 36 17
39 37 9
40 41 13
40 42 10
40 43 9
40 45 12
40 46 4
40 47 11
40 49 3
40 50 12
40 51 7
40 52 11
40 53 10
40 54 7
40 55 10
40 56 12
40 57 3
40 58 1
40 59 8
41 40 3
41 42 13
41 43 10
41 44 5
41 45 9
41 46 10
41 47 7
41 48 1
41 49 4
41 50 5
41 51 3
41 52 11
41 53 2
41 54 11
41 55 4
41 57 9
41 58 6
41 59 11
42 40 7
42 41 7
42 43 7
42 44 1
42 45 5
42 46 1
42 47 6
42 48 1
42 49 11
42 50 9
42 51 1
42 52 5
42 53 12
42 56 3
42 57 10
42 58 10
42 59 9
43 40 11
43 41 12
43 42 12
43 44 12
43 45 10
43 47 9
43 48 12
43 50 4
43 51 3
43 52 9
43 53 9
43 54 10
43 56 8
43 57 1
43 58 1
43 59 1
44 40 1
44 41 12
44 42 10
44 43 2
44 45 2
44 46 7
44 47 2
44 48 2
44 49 8
44 50 10
44 51 12
44 52 3
44 53 5
44 54 10
44 55 1
44 56 3
44 57 4
44 58 13
44 59 12
45 40 1
45 41 13
45 43 4
45 44 6
45 46 8
45 47 12
45 48 6
45 51 7
45 52 1
45 53 13
45 54 4
45 55 10
45 56 1
45 57 6
45 58 3
45 59 1
46 40 8
46 41 11
46 42 12
46 43 4
46 44 13
46 45 3
46 47 12
46 48 12
46 49 5
46 50 3
46 51 12
46 52 3
46 53 2
46 54 9
46 55 2
46 56 4
46 57 2
46 58 10
46 59 2
47 40 8
47 41 10
47 44 10
47 45 13
47 46 4
47 48 6
47 50 8
47 51 7
47 52 2
47 53 2
47 54 2
47 55 12
47 56 4
47 57 13
47 58 1
47 59 2
48 40 12
48 41 6
48 42 3
48 43 10
48 44 8
48 45 5
48 46 3
48 47 10
48 49 9
48 50 5
48 51 4
48 52 12
48 53 12
48 55 10
48 56 10
48 57 10
48 58 10
48 59 12
49 41 10
49 42 6
49 43 5
49 44 10
49 45 6
49 46 8
49 47 8
49 48 10
49 50 7
49 51 8
49 52 10
49 53 5
49 56 13
49 57 6
49 58 5
49 59 3
50 40 2
50 41 13
50 42 6
50 43 6
50 44 9
50 45 2
50 46 5
50 47 5
50 48 12
50 49 13
50 51 1
50 52 10
50 54 10
50 56 5
50 57 6
50 58 6
50 59 11
51 40 13
51 42 5
51 43 7
51 44 11
51 45 8
51 46 5
51 47 11
51 48 6
51 49 12
51 52 7
51 53 12
51 54 13
51 55 11
51 56 5
51 57 6
51 59 8
52 40 12
52 41 12
52 42 7
52 43 11
52 44 7
52 45 5
52 46 7
52 47 7
52 48 9
52 49 12
52 50 12
52 51 6
52 53 11
52 54 12
52 55 9
52 56 2
52 57 9
52 58 2
52 59 7
53 40 4
53 41 6
53 42 5
53 43 5
53 44 11
53 45 4
53 46 2
53 47 8
53 48 7
53 49 9
53 50 6
53 51 13
53 52 5
53 54 3
53 55 6
53 56 2
53 57 10
53 58 10
53 59 8
54 40 1
54 41 5
54 42 6
54 43 13
54 44 9
54 45 1
54 46 10
54 47 3
54 48 3
54 49 3
54 50 3
54 51 10
54 52 8
54 53 9
54 56 11
54 57 4
54 58 4
54 59 11
55 40 12
55 41 9
55 42 4
55 43 3
55 44 8
55 45 9
55 46 6
55 47 12
55 48 10
55 50 8
55 51 4
55 52 1
55 53 11
55 54 8
55 56 13
55 57 5
55 58 7
55 59 9
56 40 6
56 41 8
56 42 10
56 43 9
56 44 2
56 45 2
56 46 2
56 47 2
56 48 13
56 49 6
56 50 4
56 51 9
56 52 2
56 53 11
56 54 13
56 55 5
56 57 5
56 58 7
56 59 9
57 40 2
57 41 3
57 42 9
57 43 8
57 44 5
57 45 9
57 46 4
57 47 11
57 48 6
57 49 9
57 50 2
57 51 13
57 52 1
57 53 10
57 54 9
57 55 8
57 56 12
57 58 12
57 59 10
58 40 13
58 41 9
58 43 3
58 44 4
58 46 1
58 47 2
58 48 4
58 49 4
58 50 9
58 51 13
58 52 4
58 53 10
58 54 7
58 55 13
58 56 13
58 59 3
59 40 8
59 41 6
59 42 12
59 43 10
59 44 5
59 45 11
59 46 4
59 48 3
59 49 2
59 50 10
59 51 11
59 52 1
59 53 6
59 54 11
59 55 3
59 56 8
59 57 9
59 58 2
